function out = myJPattern()
A=[1 1; 161 1; 221 1; 361 1; 421 1; 1 2; 2 2; 161 2; 162 2; 222 2; 362 2; 422 2; 2 3; 3 3; 162 3; 163 3; 223 3; 363 3; 423 3; 3 4; 4 4; 163 4; 164 4; 224 4; 364 4; 424 4; 4 5; 5 5; 164 5; 165 5; 225 5; 365 5; 425 5; 5 6; 6 6; 165 6; 166 6; 226 6; 366 6; 426 6; 6 7; 7 7; 166 7; 167 7; 227 7; 367 7; 427 7; 7 8; 8 8; 167 8; 168 8; 228 8; 368 8; 428 8; 8 9; 9 9; 168 9; 169 9; 229 9; 369 9; 429 9; 9 10; 10 10; 169 10; 170 10; 230 10; 370 10; 430 10; 10 11; 11 11; 170 11; 171 11; 231 11; 371 11; 431 11; 11 12; 12 12; 171 12; 172 12; 232 12; 372 12; 432 12; 12 13; 13 13; 172 13; 173 13; 233 13; 373 13; 433 13; 13 14; 14 14; 173 14; 174 14; 234 14; 374 14; 434 14; 14 15; 15 15; 174 15; 175 15; 235 15; 375 15; 435 15; 15 16; 16 16; 175 16; 176 16; 236 16; 376 16; 436 16; 16 17; 17 17; 176 17; 177 17; 237 17; 377 17; 437 17; 17 18; 18 18; 177 18; 178 18; 238 18; 378 18; 438 18; 18 19; 19 19; 178 19; 179 19; 239 19; 379 19; 439 19; 19 20; 20 20; 179 20; 180 20; 240 20; 380 20; 440 20; 21 21; 161 21; 221 21; 361 21; 421 21; 21 22; 22 22; 161 22; 162 22; 222 22; 362 22; 422 22; 22 23; 23 23; 162 23; 163 23; 223 23; 363 23; 423 23; 23 24; 24 24; 163 24; 164 24; 224 24; 364 24; 424 24; 24 25; 25 25; 164 25; 165 25; 225 25; 365 25; 425 25; 25 26; 26 26; 165 26; 166 26; 226 26; 366 26; 426 26; 26 27; 27 27; 166 27; 167 27; 227 27; 367 27; 427 27; 27 28; 28 28; 167 28; 168 28; 228 28; 368 28; 428 28; 28 29; 29 29; 168 29; 169 29; 229 29; 369 29; 429 29; 29 30; 30 30; 169 30; 170 30; 230 30; 370 30; 430 30; 30 31; 31 31; 170 31; 171 31; 231 31; 371 31; 431 31; 31 32; 32 32; 171 32; 172 32; 232 32; 372 32; 432 32; 32 33; 33 33; 172 33; 173 33; 233 33; 373 33; 433 33; 33 34; 34 34; 173 34; 174 34; 234 34; 374 34; 434 34; 34 35; 35 35; 174 35; 175 35; 235 35; 375 35; 435 35; 35 36; 36 36; 175 36; 176 36; 236 36; 376 36; 436 36; 36 37; 37 37; 176 37; 177 37; 237 37; 377 37; 437 37; 37 38; 38 38; 177 38; 178 38; 238 38; 378 38; 438 38; 38 39; 39 39; 178 39; 179 39; 239 39; 379 39; 439 39; 39 40; 40 40; 179 40; 180 40; 240 40; 380 40; 440 40; 41 41; 42 41; 181 41; 182 41; 261 41; 281 41; 381 41; 441 41; 42 42; 43 42; 182 42; 183 42; 262 42; 282 42; 382 42; 442 42; 43 43; 44 43; 183 43; 184 43; 263 43; 283 43; 383 43; 443 43; 44 44; 45 44; 184 44; 185 44; 264 44; 284 44; 384 44; 444 44; 45 45; 46 45; 185 45; 186 45; 265 45; 285 45; 385 45; 445 45; 46 46; 47 46; 186 46; 187 46; 266 46; 286 46; 386 46; 446 46; 47 47; 48 47; 187 47; 188 47; 267 47; 287 47; 387 47; 447 47; 48 48; 49 48; 188 48; 189 48; 268 48; 288 48; 388 48; 448 48; 49 49; 50 49; 189 49; 190 49; 269 49; 289 49; 389 49; 449 49; 50 50; 51 50; 190 50; 191 50; 270 50; 290 50; 390 50; 450 50; 51 51; 52 51; 191 51; 192 51; 271 51; 291 51; 391 51; 451 51; 52 52; 53 52; 192 52; 193 52; 272 52; 292 52; 392 52; 452 52; 53 53; 54 53; 193 53; 194 53; 273 53; 293 53; 393 53; 453 53; 54 54; 55 54; 194 54; 195 54; 274 54; 294 54; 394 54; 454 54; 55 55; 56 55; 195 55; 196 55; 275 55; 295 55; 395 55; 455 55; 56 56; 57 56; 196 56; 197 56; 276 56; 296 56; 396 56; 456 56; 57 57; 58 57; 197 57; 198 57; 277 57; 297 57; 397 57; 457 57; 58 58; 59 58; 198 58; 199 58; 278 58; 298 58; 398 58; 458 58; 59 59; 60 59; 199 59; 200 59; 279 59; 299 59; 399 59; 459 59; 60 60; 200 60; 280 60; 300 60; 400 60; 460 60; 61 61; 62 61; 181 61; 182 61; 261 61; 281 61; 381 61; 441 61; 62 62; 63 62; 182 62; 183 62; 262 62; 282 62; 382 62; 442 62; 63 63; 64 63; 183 63; 184 63; 263 63; 283 63; 383 63; 443 63; 64 64; 65 64; 184 64; 185 64; 264 64; 284 64; 384 64; 444 64; 65 65; 66 65; 185 65; 186 65; 265 65; 285 65; 385 65; 445 65; 66 66; 67 66; 186 66; 187 66; 266 66; 286 66; 386 66; 446 66; 67 67; 68 67; 187 67; 188 67; 267 67; 287 67; 387 67; 447 67; 68 68; 69 68; 188 68; 189 68; 268 68; 288 68; 388 68; 448 68; 69 69; 70 69; 189 69; 190 69; 269 69; 289 69; 389 69; 449 69; 70 70; 71 70; 190 70; 191 70; 270 70; 290 70; 390 70; 450 70; 71 71; 72 71; 191 71; 192 71; 271 71; 291 71; 391 71; 451 71; 72 72; 73 72; 192 72; 193 72; 272 72; 292 72; 392 72; 452 72; 73 73; 74 73; 193 73; 194 73; 273 73; 293 73; 393 73; 453 73; 74 74; 75 74; 194 74; 195 74; 274 74; 294 74; 394 74; 454 74; 75 75; 76 75; 195 75; 196 75; 275 75; 295 75; 395 75; 455 75; 76 76; 77 76; 196 76; 197 76; 276 76; 296 76; 396 76; 456 76; 77 77; 78 77; 197 77; 198 77; 277 77; 297 77; 397 77; 457 77; 78 78; 79 78; 198 78; 199 78; 278 78; 298 78; 398 78; 458 78; 79 79; 80 79; 199 79; 200 79; 279 79; 299 79; 399 79; 459 79; 80 80; 200 80; 280 80; 300 80; 400 80; 460 80; 81 81; 82 81; 181 81; 182 81; 261 81; 281 81; 381 81; 441 81; 82 82; 83 82; 182 82; 183 82; 262 82; 282 82; 382 82; 442 82; 83 83; 84 83; 183 83; 184 83; 263 83; 283 83; 383 83; 443 83; 84 84; 85 84; 184 84; 185 84; 264 84; 284 84; 384 84; 444 84; 85 85; 86 85; 185 85; 186 85; 265 85; 285 85; 385 85; 445 85; 86 86; 87 86; 186 86; 187 86; 266 86; 286 86; 386 86; 446 86; 87 87; 88 87; 187 87; 188 87; 267 87; 287 87; 387 87; 447 87; 88 88; 89 88; 188 88; 189 88; 268 88; 288 88; 388 88; 448 88; 89 89; 90 89; 189 89; 190 89; 269 89; 289 89; 389 89; 449 89; 90 90; 91 90; 190 90; 191 90; 270 90; 290 90; 390 90; 450 90; 91 91; 92 91; 191 91; 192 91; 271 91; 291 91; 391 91; 451 91; 92 92; 93 92; 192 92; 193 92; 272 92; 292 92; 392 92; 452 92; 93 93; 94 93; 193 93; 194 93; 273 93; 293 93; 393 93; 453 93; 94 94; 95 94; 194 94; 195 94; 274 94; 294 94; 394 94; 454 94; 95 95; 96 95; 195 95; 196 95; 275 95; 295 95; 395 95; 455 95; 96 96; 97 96; 196 96; 197 96; 276 96; 296 96; 396 96; 456 96; 97 97; 98 97; 197 97; 198 97; 277 97; 297 97; 397 97; 457 97; 98 98; 99 98; 198 98; 199 98; 278 98; 298 98; 398 98; 458 98; 99 99; 100 99; 199 99; 200 99; 279 99; 299 99; 399 99; 459 99; 100 100; 200 100; 280 100; 300 100; 400 100; 460 100; 21 101; 61 101; 101 101; 161 101; 181 101; 201 101; 221 101; 261 101; 281 101; 341 101; 401 101; 22 102; 62 102; 102 102; 162 102; 182 102; 202 102; 222 102; 262 102; 282 102; 342 102; 402 102; 23 103; 63 103; 103 103; 163 103; 183 103; 203 103; 223 103; 263 103; 283 103; 343 103; 403 103; 24 104; 64 104; 104 104; 164 104; 184 104; 204 104; 224 104; 264 104; 284 104; 344 104; 404 104; 25 105; 65 105; 105 105; 165 105; 185 105; 205 105; 225 105; 265 105; 285 105; 345 105; 405 105; 26 106; 66 106; 106 106; 166 106; 186 106; 206 106; 226 106; 266 106; 286 106; 346 106; 406 106; 27 107; 67 107; 107 107; 167 107; 187 107; 207 107; 227 107; 267 107; 287 107; 347 107; 407 107; 28 108; 68 108; 108 108; 168 108; 188 108; 208 108; 228 108; 268 108; 288 108; 348 108; 408 108; 29 109; 69 109; 109 109; 169 109; 189 109; 209 109; 229 109; 269 109; 289 109; 349 109; 409 109; 30 110; 70 110; 110 110; 170 110; 190 110; 210 110; 230 110; 270 110; 290 110; 350 110; 410 110; 31 111; 71 111; 111 111; 171 111; 191 111; 211 111; 231 111; 271 111; 291 111; 351 111; 411 111; 32 112; 72 112; 112 112; 172 112; 192 112; 212 112; 232 112; 272 112; 292 112; 352 112; 412 112; 33 113; 73 113; 113 113; 173 113; 193 113; 213 113; 233 113; 273 113; 293 113; 353 113; 413 113; 34 114; 74 114; 114 114; 174 114; 194 114; 214 114; 234 114; 274 114; 294 114; 354 114; 414 114; 35 115; 75 115; 115 115; 175 115; 195 115; 215 115; 235 115; 275 115; 295 115; 355 115; 415 115; 36 116; 76 116; 116 116; 176 116; 196 116; 216 116; 236 116; 276 116; 296 116; 356 116; 416 116; 37 117; 77 117; 117 117; 177 117; 197 117; 217 117; 237 117; 277 117; 297 117; 357 117; 417 117; 38 118; 78 118; 118 118; 178 118; 198 118; 218 118; 238 118; 278 118; 298 118; 358 118; 418 118; 39 119; 79 119; 119 119; 179 119; 199 119; 219 119; 239 119; 279 119; 299 119; 359 119; 419 119; 40 120; 80 120; 120 120; 180 120; 200 120; 220 120; 240 120; 280 120; 300 120; 360 120; 420 120; 1 121; 121 121; 161 121; 201 121; 221 121; 321 121; 401 121; 2 122; 122 122; 162 122; 202 122; 222 122; 322 122; 402 122; 3 123; 123 123; 163 123; 203 123; 223 123; 323 123; 403 123; 4 124; 124 124; 164 124; 204 124; 224 124; 324 124; 404 124; 5 125; 125 125; 165 125; 205 125; 225 125; 325 125;